1000
0.0
0.010000001
0.020000001
0.030000001
0.040000003
0.050000004
0.060000006
0.07000001
0.080000006
0.09
0.1
0.11
0.12
0.13
0.14
0.15
0.16000001
0.17000002
0.18000002
0.19000003
0.20000003
0.21000004
0.22000004
0.23000005
0.24000005
0.25000006
0.26000005
0.27000004
0.28000003
0.29000002
0.3
0.31
0.32
0.32999998
0.33999997
0.34999996
0.35999995
0.36999995
0.37999994
0.38999993
0.39999992
0.4099999
0.4199999
0.4299999
0.43999988
0.44999987
0.45999986
0.46999985
0.47999984
0.48999983
0.49999982
0.5099998
0.5199998
0.5299998
0.5399998
0.5499998
0.55999976
0.56999975
0.57999974
0.58999974
0.5999997
0.6099997
0.6199997
0.6299997
0.6399997
0.6499997
0.65999967
0.66999966
0.67999965
0.68999964
0.69999963
0.7099996
0.7199996
0.7299996
0.7399996
0.7499996
0.7599996
0.76999956
0.77999955
0.78999954
0.79999954
0.8099995
0.8199995
0.8299995
0.8399995
0.8499995
0.8599995
0.86999947
0.87999946
0.88999945
0.89999944
0.90999943
0.9199994
0.9299994
0.9399994
0.9499994
0.9599994
0.9699994
0.97999936
0.98999935
0.99999934
1.0099994
1.0199994
1.0299994
1.0399994
1.0499994
1.0599993
1.0699993
1.0799993
1.0899993
1.0999993
1.1099993
1.1199993
1.1299993
1.1399993
1.1499993
1.1599993
1.1699992
1.1799992
1.1899992
1.1999992
1.2099992
1.2199992
1.2299992
1.2399992
1.2499992
1.2599992
1.2699991
1.2799991
1.2899991
1.2999991
1.3099991
1.3199991
1.3299991
1.3399991
1.3499991
1.3599991
1.369999
1.379999
1.389999
1.399999
1.409999
1.419999
1.429999
1.439999
1.449999
1.459999
1.469999
1.479999
1.4899989
1.4999989
1.5099989
1.5199989
1.5299989
1.5399989
1.5499989
1.5599989
1.5699989
1.5799989
1.5899988
1.5999988
1.6099988
1.6199988
1.6299988
1.6399988
1.6499988
1.6599988
1.6699988
1.6799988
1.6899987
1.6999987
1.7099987
1.7199987
1.7299987
1.7399987
1.7499987
1.7599987
1.7699987
1.7799987
1.7899987
1.7999986
1.8099986
1.8199986
1.8299986
1.8399986
1.8499986
1.8599986
1.8699986
1.8799986
1.8899986
1.8999985
1.9099985
1.9199985
1.9299985
1.9399985
1.9499985
1.9599985
1.9699985
1.9799985
1.9899985
1.9999985
2.0099986
2.0199986
2.0299985
2.0399985
2.0499985
2.0599985
2.0699985
2.0799985
2.0899985
2.0999985
2.1099985
2.1199985
2.1299984
2.1399984
2.1499984
2.1599984
2.1699984
2.1799984
2.1899984
2.1999984
2.2099984
2.2199984
2.2299984
2.2399983
2.2499983
2.2599983
2.2699983
2.2799983
2.2899983
2.2999983
2.3099983
2.3199983
2.3299983
2.3399982
2.3499982
2.3599982
2.3699982
2.3799982
2.3899982
2.3999982
2.4099982
2.4199982
2.4299982
2.4399981
2.4499981
2.4599981
2.4699981
2.479998
2.489998
2.499998
2.509998
2.519998
2.529998
2.539998
2.549998
2.559998
2.569998
2.579998
2.589998
2.599998
2.609998
2.619998
2.629998
2.639998
2.649998
2.659998
2.669998
2.679998
2.689998
2.699998
2.709998
2.719998
2.7299979
2.7399979
2.7499979
2.7599978
2.7699978
2.7799978
2.7899978
2.7999978
2.8099978
2.8199978
2.8299978
2.8399978
2.8499978
2.8599977
2.8699977
2.8799977
2.8899977
2.8999977
2.9099977
2.9199977
2.9299977
2.9399977
2.9499977
2.9599977
2.9699976
2.9799976
2.9899976
2.9999976
3.0099976
3.0199976
3.0299976
3.0399976
3.0499976
3.0599976
3.0699975
3.0799975
3.0899975
3.0999975
3.1099975
3.1199975
3.1299975
3.1399975
3.1499975
3.1599975
3.1699975
3.1799974
3.1899974
3.1999974
3.2099974
3.2199974
3.2299974
3.2399974
3.2499974
3.2599974
3.2699974
3.2799973
3.2899973
3.2999973
3.3099973
3.3199973
3.3299973
3.3399973
3.3499973
3.3599973
3.3699973
3.3799973
3.3899972
3.3999972
3.4099972
3.4199972
3.4299972
3.4399972
3.4499972
3.4599972
3.4699972
3.4799972
3.4899971
3.4999971
3.5099971
3.5199971
3.529997
3.539997
3.549997
3.559997
3.569997
3.579997
3.589997
3.599997
3.609997
3.619997
3.629997
3.639997
3.649997
3.659997
3.669997
3.679997
3.689997
3.699997
3.709997
3.719997
3.729997
3.739997
3.749997
3.759997
3.769997
3.7799969
3.7899969
3.7999969
3.8099968
3.8199968
3.8299968
3.8399968
3.8499968
3.8599968
3.8699968
3.8799968
3.8899968
3.8999968
3.9099967
3.9199967
3.9299967
3.9399967
3.9499967
3.9599967
3.9699967
3.9799967
3.9899967
3.9999967
4.009997
4.019997
4.0299973
4.0399976
4.049998
4.059998
4.0699983
4.0799985
4.0899987
4.099999
4.109999
4.1199994
4.1299996
4.14
4.15
4.1600003
4.1700006
4.180001
4.190001
4.2000012
4.2100015
4.2200017
4.230002
4.240002
4.2500024
4.2600026
4.270003
4.280003
4.2900033
4.3000035
4.3100038
4.320004
4.330004
4.3400044
4.3500047
4.360005
4.370005
4.3800054
4.3900056
4.400006
4.410006
4.4200063
4.4300065
4.4400067
4.450007
4.460007
4.4700074
4.4800076
4.490008
4.500008
4.5100083
4.5200086
4.530009
4.540009
4.5500093
4.5600095
4.5700097
4.58001
4.59001
4.6000104
4.6100106
4.620011
4.630011
4.6400113
4.6500115
4.660012
4.670012
4.680012
4.6900125
4.7000127
4.710013
4.720013
4.7300134
4.7400136
4.750014
4.760014
4.7700143
4.7800145
4.7900147
4.800015
4.810015
4.8200154
4.8300157
4.840016
4.850016
4.8600163
4.8700166
4.880017
4.890017
4.9000173
4.9100175
4.9200177
4.930018
4.940018
4.9500184
4.9600186
4.970019
4.980019
4.9900193
5.0000196
5.01002
5.02002
5.03002
5.0400205
5.0500207
5.060021
5.070021
5.0800214
5.0900216
5.100022
5.110022
5.1200223
5.1300225
5.1400228
5.150023
5.160023
5.1700234
5.1800237
5.190024
5.200024
5.2100244
5.2200246
5.230025
5.240025
5.2500253
5.2600255
5.2700257
5.280026
5.290026
5.3000264
5.3100266
5.320027
5.330027
5.3400273
5.3500276
5.360028
5.370028
5.3800282
5.3900285
5.4000287
5.410029
5.420029
5.4300294
5.4400296
5.45003
5.46003
5.4700303
5.4800305
5.490031
5.500031
5.510031
5.5200315
5.5300317
5.540032
5.550032
5.5600324
5.5700326
5.580033
5.590033
5.6000333
5.6100335
5.6200337
5.630034
5.640034
5.6500344
5.6600347
5.670035
5.680035
5.6900353
5.7000356
5.710036
5.720036
5.7300363
5.7400365
5.7500367
5.760037
5.770037
5.7800374
5.7900376
5.800038
5.810038
5.8200383
5.8300385
5.840039
5.850039
5.860039
5.8700395
5.8800397
5.89004
5.90004
5.9100404
5.9200406
5.930041
5.940041
5.9500413
5.9600415
5.9700418
5.980042
5.990042
6.0000424
6.0100427
6.020043
6.030043
6.0400434
6.0500436
6.060044
6.070044
6.0800443
6.0900445
6.1000447
6.110045
6.120045
6.1300454
6.1400456
6.150046
6.160046
6.1700463
6.1800466
6.190047
6.200047
6.2100472
6.2200475
6.2300477
6.240048
6.250048
6.2600484
6.2700486
6.280049
6.290049
6.3000493
6.3100495
6.32005
6.33005
6.34005
6.3500504
6.3600507
6.370051
6.380051
6.3900514
6.4000516
6.410052
6.420052
6.4300523
6.4400525
6.4500527
6.460053
6.470053
6.4800534
6.4900537
6.500054
6.510054
6.5200543
6.5300546
6.540055
6.550055
6.5600553
6.5700555
6.5800557
6.590056
6.600056
6.6100564
6.6200566
6.630057
6.640057
6.6500573
6.6600575
6.670058
6.680058
6.690058
6.7000585
6.7100587
6.720059
6.730059
6.7400594
6.7500596
6.76006
6.77006
6.7800603
6.7900605
6.8000607
6.810061
6.820061
6.8300614
6.8400617
6.850062
6.860062
6.8700624
6.8800626
6.890063
6.900063
6.9100633
6.9200635
6.9300637
6.940064
6.950064
6.9600644
6.9700646
6.980065
6.990065
7.0000653
7.0100656
7.020066
7.030066
7.0400662
7.0500665
7.0600667
7.070067
7.080067
7.0900674
7.1000676
7.110068
7.120068
7.1300683
7.1400685
7.1500688
7.160069
7.170069
7.1800694
7.1900697
7.20007
7.21007
7.2200704
7.2300706
7.240071
7.250071
7.2600713
7.2700715
7.2800717
7.290072
7.300072
7.3100724
7.3200727
7.330073
7.340073
7.3500733
7.3600736
7.370074
7.380074
7.3900743
7.4000745
7.4100747
7.420075
7.430075
7.4400754
7.4500756
7.460076
7.470076
7.4800763
7.4900765
7.500077
7.510077
7.520077
7.5300775
7.5400777
7.550078
7.560078
7.5700784
7.5800786
7.590079
7.600079
7.6100793
7.6200795
7.6300797
7.64008
7.65008
7.6600804
7.6700807
7.680081
7.690081
7.7000813
7.7100816
7.720082
7.730082
7.7400823
7.7500825
7.7600827
7.770083
7.780083
7.7900834
7.8000836
7.810084
7.820084
7.8300843
7.8400846
7.850085
7.860085
7.8700852
7.8800855
7.8900857
7.900086
7.910086
7.9200864
7.9300866
7.940087
7.950087
7.9600873
7.9700875
7.9800878
7.990088
8.000088
8.010088
8.020088
8.030088
8.040089
8.050089
8.060089
8.070089
8.08009
8.09009
8.10009
8.11009
8.1200905
8.130091
8.140091
8.150091
8.160091
8.170092
8.180092
8.190092
8.200092
8.210093
8.220093
8.230093
8.240093
8.250093
8.260094
8.270094
8.280094
8.290094
8.300095
8.310095
8.320095
8.330095
8.3400955
8.350096
8.360096
8.370096
8.380096
8.390097
8.400097
8.410097
8.420097
8.430098
8.440098
8.450098
8.460098
8.4700985
8.480099
8.490099
8.500099
8.510099
8.5201
8.5301
8.5401
8.5501
8.560101
8.570101
8.580101
8.590101
8.600101
8.610102
8.620102
8.630102
8.640102
8.650103
8.660103
8.670103
8.680103
8.690104
8.700104
8.710104
8.720104
8.730104
8.740105
8.750105
8.760105
8.770105
8.780106
8.790106
8.800106
8.810106
8.8201065
8.830107
8.840107
8.850107
8.860107
8.870108
8.880108
8.890108
8.900108
8.910109
8.920109
8.930109
8.940109
8.9501095
8.96011
8.97011
8.98011
8.99011
9.000111
9.010111
9.020111
9.030111
9.040112
9.050112
9.060112
9.070112
9.080112
9.090113
9.100113
9.110113
9.120113
9.130114
9.140114
9.150114
9.160114
9.1701145
9.180115
9.190115
9.200115
9.210115
9.220116
9.230116
9.240116
9.250116
9.260117
9.270117
9.280117
9.290117
9.3001175
9.310118
9.320118
9.330118
9.340118
9.350119
9.360119
9.370119
9.380119
9.39012
9.40012
9.41012
9.42012
9.43012
9.440121
9.450121
9.460121
9.470121
9.480122
9.490122
9.500122
9.510122
9.520123
9.530123
9.540123
9.550123
9.560123
9.570124
9.580124
9.590124
9.600124
9.610125
9.620125
9.630125
9.640125
9.6501255
9.660126
9.670126
9.680126
9.690126
9.700127
9.710127
9.720127
9.730127
9.740128
9.750128
9.760128
9.770128
9.7801285
9.790129
9.800129
9.810129
9.820129
9.83013
9.84013
9.85013
9.86013
9.870131
9.880131
9.890131
9.900131
9.910131
9.920132
9.930132
9.940132
9.950132
9.960133
9.970133
9.980133
9.990133
